Taxa	DTA_BJ	EW_BJ	PH_BJ
MG_49	63	46	249.6
MG_52	68	85	209.8
MG_55	63	94	233.6
MG_57	66	86.66666667	248.75
MG_58	62	60	206.25
MG_60	63	80	219.75
MG_61	63	54	230.4
MG_64	65	64	207.5
MG_66	62	70	206.5
MG_67	63	58	187.8
MG_69	63	96	183.5
MG_70	65	66.66666667	212
MG_72	62	73.33333333	239.6
MG_73	65	64	245.8
MG_79	65	92	245.6
MG_80	63	94	209.75
MG_81	65	72.5	228.25
MG_83	63	48	210.8
MG_84	67	40	207.75
MG_88	62	72	209.6
MG_89	64	75	207
MG_91	63	96	268.6
MG_92	65	65	203
MG_93	66	63.33333333	223.6
MG_971	71	8	186.75
MG_97	68	86.66666667	187
MG_98	67	97.5	203.25
MG_99	65	90	202
MG_101	69	65	208.2
MG_103	66	90	226.4
MG_104	68	68	229.6
MG_105	71	73.33333333	199
MG_107	67	43.33333333	240.4
MG_108	68	40	237.6
MG_109	67	48	223.5
MG_110	62	96	185.4
MG_111	64	90	215.4
MG_113	66	88	226.25
MG_114	67	75	210.4
MG_115	62	80	185.2
MG_116	65	92	191.75
MG_120	65	94	218
MG_121	63	74	213.2
MG_123	63	98	253.25
MG_124	63	92	215.4
MG_127	68	83.33333333	204.25
MG_132	61	96.66666667	211.6
MG_136	66	82.5	192
MG_137	62	92	231
MG_138	61	90	195.25
MG_139	63	95	209.2
MG_140	63	80	220.4
MG_141	62	90	231.4
MG_142	66	66	195.5
MG_143	66	92.5	242.25
MG_144	65	78	262.2
MG_145	63	30	186
MG_147	66	74	192.8
MG_148	68	55	248
MG_149	64	90	224
MG_150	64	60	225.8
MG_151	61	64	225.5
MG_153	66	62	224.2
MG_155	68	58	189.25
MG_157	64	70	248.2
MG_158	61	88	214.2
MG_160	68	92	221.2
MG_166	61	66.66666667	187.25
MG_168	68	92	230.25
MG_169	63	96	197.2
MG_171	65	27.5	223.2
MG_172	64	72	159.4
MG_173	66	90	211
MG_174	71	16.66666667	247.5
MG_175	68	76	238
MG_176	69	42.5	230.25
MG_178	62	65	234.25
MG_179	70	35	179.75
MG_180	64	68	233
MG_183	63	40	243.5
MG_186	69	83.33333333	193.25
MG_188	63	95	245.75
MG_190	64	66	252
MG_191	63	64	225.75
MG_193	63	95	225
MG_195	62	75	224.2
MG_196	63	90	260.4
MG_197	63	53.33333333	217
MG_198	68	50	232.4
MG_199	66	94	244.6
MG_200	65	80	215
MG_201	70	57.5	207.2
MG_202	61	76.66666667	227.6
MG_205	67	92	195.5
MG_207	68	70	209.4
MG_208	62	36.66666667	215.8
MG_209	68	96	247.6
MG_210	68	54	215
MG_211	63	46.66666667	210
MG_212	66	70	254.5
MG_213	64	90	256.75
MG_215	65	82.5	224.8
MG_218	68	83.33333333	206.75
MG_219	64	80	226.2
MG_221	68	56	219.6
MG_224	68	86	195.5
MG_227	66	73.33333333	258.2
MG_228	68	90	189.2
MG_229	63	80	210.4
MG_230	62	80	220.5
MG_232	72	70	220
MG_233	68	88	233
MG_234	65	66.66666667	194.75
MG_235	66	82	206.8
MG_236	66	36.66666667	223.6
MG_237	64	86	186.75
MG_238	63	66	233.75
MG_240	66	82.5	220.25
MG_241	70	65	218
MG_242	63	76.66666667	201
MG_243	65	85.33333333	215.6
MG_246	71	46	235
MG_247	64	70	168
MG_250	65	66.66666667	217.6
MG_251	68	43.33333333	188.4
MG_253	63	95	203.25
MG_254	63	60	240.8
MG_255	70	76.66666667	208
MG_256	68	55	187.5
MG_259	69	15	178
MG_260	68	80	288.25
MG_261	66	72.5	234.4
MG_262	68	26	181.25
MG_263	64	57.5	237
MG_264	65	90	248.6
MG_265	72	60	211.2
MG_266	68	48	241.2
MG_267	66	80	218.5
MG_269	66	96.66666667	239.6
MG_273	77	74	204.8
MG_276	69	65	228.6
MG_278	65	76.66666667	190.2
MG_280	63	33.33333333	227.25
MG_281	68	98	209.6
MG_282	64	58	204.4
MG_283	65	38	205
MG_285	63	56.66666667	245.2
MG_286	66	86.66666667	202
MG_289	66	96.66666667	246.8
MG_291	65	90	210.5
MG_297	65	94	231.2
MG_299	66	58	189
MG_300	63	98	236
MG_302	65	88	212.2
MG_304	67	94	238.4
MG_305	65	78	223.6
MG_309	65	50	204.2
MG_310	66	46	225
MG_311	64	60	227.6
MG_312	68	55	217
MG_314	68	96.66666667	259.25
MG_318	62	80	216.5
MG_320	69	90	230.4
MG_321	67	86	235.4
MG_322	63	70	200.2
MG_323	70	72.5	195.6
MG_325	65	84	221.2
MG_327	69	93.33333333	220
MG_328	68	90	227.5
MG_329	65	94	190.4
MG_330	64	60	172
MG_333	64	72.5	222.6
MG_334	70	74	232.6
MG_337	67	90	177
MG_338	67	73.33333333	223.5
MG_339	63	70	228
MG_341	68	42.5	269.6
MG_343	63	70	234
MG_345	78	30	189
MG_346	66	53.33333333	195.8
MG_347	66	75	235
MG_349	68	32	180.75
MG_350	68	80	224
MG_351	62	50	194
MG_352	68	77.5	224.4
MG_353	67	77.5	240
MG_354	68	94	215
MG_356	66	40	199
MG_358	65	86.66666667	277.2
MG_360	68	72	189.75
MG_361	70	23.33333333	197.4
MG_362	68	92	193.4
MG_365	67	68	262.5
MG_366	67	85	224.25
MG_367	67	60	229.4
MG_368	69	60	215.2
MG_369	65	46	179
MG_372	66	43.33333333	220.4
MG_373	64	64	235.4
MG_374	65	66.66666667	211
MG_376	65	25	222.25
MG_377	75	80	253.6
MG_379	63	90	234.2
MG_381	66	72	220.4
MG_382	66	52.5	224
MG_384	64	73.33333333	244.8
MG_385	67	88	223
MG_387	71	66	259.5
MG_388	67	64	192.4
MG_389	66	84	217.2
MG_390	63	53.33333333	245.8
MG_394	65	43.33333333	216.2
MG_395	66	82.5	226.8
MG_396	68	74	180.25
MG_398	65	75	239
MG_400	69	83.33333333	226.2
MG_401	67	57.5	253.4
MG_404	67	96	215
MG_405	64	67.5	193.2
MG_406	63	80	225
MG_407	64	90	218.4
MG_408	68	62	254
MG_411	65	42	182.8
MG_413	64	60	237.5
MG_414	67	42.5	256
MG_416	65	94	226.2
MG_417	65	86.66666667	223.6
MG_419	68	97.5	216.4
MG_420	73	33.33333333	221.6
MG_421	72	80	217
MG_424	66	40	195.8
MG_425	66	80	243.6
MG_429	65	90	212.6
MG_430	64	66.66666667	225.75
MG_431	66	70	227.2
MG_433	68	32.5	234.6
MG_435	68	68	206.75
MG_436	63	82	260.2
MG_437	66	92	230.4
MG_438	70	92	197.4
MG_439	63	70	208.8
MG_440	70	98	156.25
MG_442	66	50	175
MG_443	66	77.5	238.5
MG_445	69	90	207.8
MG_446	71	72	178.3333333
MG_447	71	12	221.6
MG_449	67	70	231.4
MG_452	67	80	185.6
MG_453	63	66.66666667	245
MG_454	73	60	233.5
MG_457	63	46.66666667	201.8
MG_459	66	58	237
MG_463	68	84	250.4
MG_465	68	30	202.8
MG_466	65	60	240.25
MG_467	62	76.66666667	210.75
MG_468	68	24	251
MG_472	66	92.5	230.8
MG_473	64	47.5	194.5
MG_474	69	86.66666667	242.6
MG_476	65	90	248.6
MG_477	68	60	255.4
MG_478	67	53.33333333	169.4
MG_479	67	56.66666667	192.8
MG_481	63	93.33333333	224.4
MG_483	65	90	228.6666667
MG_484	66	94	280
MG_486	63	76	198
MG_488	71	96	178.6
MG_489	66	88	249
MG_490	66	37.5	237.2
MG_493	68	22.5	224
MG_494	67	92.5	239.75
MG_495	66	43.33333333	206.6
MG_496	69	80	188.5
MG_498	66	78	240.6
MG_499	64	45	211.75
MG_501	69	60	190.8
MG_502	67	80	204
MG_50	62	116	212.2
MG_507	63	57.5	213.25
MG_510	64	90	245
MG_511	67	86	234
MG_512	63	83.33333333	207.4
MG_514	68	47.5	189.6
MG_51	64	120	202.75
MG_516	64	96	223.6
MG_517	66	26	233.75
MG_518	67	86	244.5
MG_519	66	60	232.75
MG_523	64	18	230
MG_525	69	77.5	242.6
MG_526	63	70	200.2
MG_528	68	78	191.5
MG_529	66	62	236.2
MG_533	65	66.66666667	223.4
MG_53	64	112	224.25
MG_536	65	23.33333333	234.6
MG_539	72	30	180.25
MG_546	67	82.5	217.6
MG_547	68	72.5	215
MG_549	65	58	201.25
MG_552	66	88	206
MG_554	64	84	189
MG_556	66	84	285
MG_560	66	92.5	232.5
MG_561	66	30	218.6
MG_562	66	63.33333333	233
MG_563	66	96	249.25
MG_564	69	77.5	151.6
MG_565	66	66	216.4
MG_56	66	103.3333333	233
MG_566	71	20	300.6
MG_567	65	86	243
MG_569	65	92.5	206.75
MG_571	67	62	219
MG_572	68	50	179.4
MG_577	63	86	229.4
MG_578	68	46	186.75
MG_579	65	86	249.25
MG_580	70	80	234.2
MG_581	67	82	224.5
MG_584	68	14	244.6
MG_585	67	73.33333333	186.25
MG_586	65	20	244.25
MG_589	68	83.33333333	214
MG_593	63	63.33333333	222.5
MG_594	63	50	220.8
MG_595	68	80	191.4
MG_596	71	88	223.25
MG_597	64	70	200
MG_598	70	88	218.6
MG_600	71	70	177
MG_604	63	64	214
MG_605	70	92	186.4
MG_606	69	93.33333333	230.8
MG_609	63	78	212.5
MG_610	69	62	239.75
MG_612	64	66.66666667	222.25
MG_613	63	80	189.4
MG_614	68	98	229.2
MG_618	63	64	202
MG_619	66	92	221.2
MG_620	67	96	244.5
MG_622	62	67.5	179.5
MG_623	67	62.5	224.25
MG_624	67	96.66666667	253.4
MG_625	67	95	202.5
MG_626	65	88	199
MG_62	66	113.3333333	236
MG_627	64	86	210.75
MG_628	68	75	232
MG_629	68	52.5	250
MG_631	67	82	224.8
MG_632	63	73.33333333	239.25
MG_633	63	60	227.4
MG_635	68	63.33333333	220.75
MG_63	63	110	177.2
MG_636	71	67.5	193.6
MG_637	67	64	198
MG_638	69	85	238.8
MG_639	67	55	235.4
MG_640	66	90	188.6
MG_641	68	82.5	242.8
MG_642	64	66.66666667	213.6
MG_643	66	54	229.75
MG_644	69	65	225.6
MG_645	66	95	241.25
MG_646	68	92	237.6
MG_649	69	72.5	239.2
MG_650	65	82.5	248.75
MG_651	63	77.5	240.4
MG_653	68	45	232.4
MG_654	68	45	226.2
MG_655	67	85	241
MG_65	66	126	286.2
MG_656	67	60	190.6
MG_658	69	70	127.6
MG_660	68	94	187
MG_661	70	64	226.75
MG_662	68	78	246.6666667
MG_663	66	83.33333333	182.6
MG_664	70	74	193
MG_672	66	60	217.4
MG_674	68	32.5	265.6
MG_676	63	92	244.4
MG_677	73	87.5	210
MG_679	70	86	202.6
MG_680	71	64	204.4
MG_681	64	53.33333333	246
MG_682	66	90	197
MG_686	63	62.5	212.6
MG_68	66	102	233
MG_692	70	62	212
MG_697	68	84	230.4
MG_698	69	86.66666667	267
MG_701	70	90	226.4
MG_702	69	70	219.8
MG_704	63	86.66666667	232.2
MG_707	68	86.66666667	253.4
MG_713	68	56.66666667	262.6
MG_714	63	70	236.5
MG_715	70	50	217.25
MG_71	63	100	196.75
MG_717	67	46	240.5
MG_718	69	55	210
MG_719	68	70	228.75
MG_720	66	66.66666667	256.25
MG_721	70	35	203.5
MG_726	66	70	177.4
MG_727	66	60	190.2
MG_728	71	42.5	255
MG_729	67	80	262.6
MG_733	67	86.66666667	251.75
MG_734	68	50	200.75
MG_740	66	40	149
MG_741	68	76	217.6
MG_743	63	68	244
MG_746	70	63.33333333	219.8
MG_74	67	100	225
MG_747	66	80	246.8
MG_748	69	70	223.25
MG_749	68	56	216
MG_753	66	75	215.5
MG_758	68	66	238.75
MG_759	68	66	202.8
MG_760	68	56	222.25
MG_763	64	54	180.2
MG_764	69	55	203.4
MG_765	66	74	179.8
MG_766	68	46.66666667	219
MG_76	68	140	232
MG_767	68	33.33333333	231.6
MG_769	70	56.66666667	205.75
MG_770	70	83.33333333	201.8
MG_771	66	84	261.2
MG_774	67	53.33333333	227
MG_775	65	53.33333333	195.6
MG_77	63	102	248.6
MG_776	64	30	199
MG_777	68	63.33333333	214
MG_779	64	80	240.75
MG_780	64	98	232.5
MG_782	74	46.66666667	233.6
MG_784	68	90	229.75
MG_785	66	90	202.2
MG_786	64	70	257
MG_787	65	12.5	221.8
MG_788	68	87.5	218.2
MG_792	68	72	217.25
MG_794	69	72	207.5
MG_796	68	72.5	253.75
MG_797	73	40	201
MG_799	64	72.5	214
MG_802	70	50	199.5
MG_803	69	80	257.25
MG_805	73	30	280.4
MG_807	66	50	252.6
MG_808	64	74	230.2
MG_809	68	60	248.6
MG_811	69	33.33333333	231.75
MG_812	67	87.5	233.2
MG_813	66	86	214.2
MG_814	67	60	238.2
MG_817	63	72	185
MG_818	69	46	207.2
MG_820	77	24	203.4
MG_821	72	28	148.25
MG_822	68	52	215.2
MG_823	67	46	174
MG_824	70	32.5	254.2
MG_826	69	50	207.6
MG_827	69	90	220.8
MG_830	66	84	235.5
MG_832	71	90	224.6
MG_833	68	82	215.5
MG_835	67	76	230.2
MG_837	66	52	222
MG_838	61	66	202.5
MG_839	62	76	219.2
MG_840	63	78	247
MG_841	65	83.33333333	216.75
MG_842	64	50	256
MG_844	63	80	234.8
MG_845	68	90	229.8
MG_846	65	80	199.6
MG_847	66	33.33333333	226.75
MG_848	68	67.5	253.4
MG_849	67	48	252
MG_850	64	40	191.4
MG_851	68	62.5	195.4
MG_854	71	30	226.4
MG_856	66	46	259.4
MG_85	68	130	240.2
MG_857	70	56.66666667	231.4
MG_858	72	67.5	180.5
MG_859	65	74	212.8
MG_861	68	92	215.2
MG_862	69	70	238.4
MG_865	68	30	237.75
MG_86	65	100	245
MG_868	65	76.66666667	213.6
MG_869	63	86	252
MG_871	67	92	233.2
MG_874	69	60	229.25
MG_87	61	112.5	202.25
MG_876	69	98	265.75
MG_877	66	70	239
MG_879	69	22	287.2
MG_880	68	62	212
MG_881	68	60	218
MG_884	65	47.5	215.75
MG_885	73	26.66666667	242.75
MG_890	71	64	253.75
MG_893	64	88	245.2
MG_894	67	70	231.2
MG_897	72	73.33333333	217.2
MG_898	64	60	222.2
MG_899	67	72	175.6
MG_900	69	53.33333333	227.5
MG_901	68	93.33333333	298
MG_905	69	70	181.75
MG_90	66	104	247
MG_907	68	92.5	197.5
MG_909	65	96	214.6
MG_911	65	72	201
MG_912	67	30	235.5
MG_913	68	56.66666667	239.25
MG_914	62	92	253.6
MG_915	66	90	197.75
MG_917	64	70	186.75
MG_923	64	74	237.25
MG_924	66	82	219.6
MG_925	65	78	220
MG_926	68	64	199.5
MG_927	68	47.5	188.25
MG_931	67	73.33333333	223.6
MG_932	65	50	205
MG_933	62	62	232.8
MG_935	68	62	219
MG_936	75	46	214.25
MG_937	66	70	236.2
MG_938	67	93.33333333	207.6
MG_942	64	88	230.2
MG_944	64	65	224.2
MG_945	64	22	232.4
MG_94	62	104	224.4
MG_946	63	68	213.2
MG_948	64	86.66666667	214
MG_949	67	82	209.25
MG_950	68	80	219.25
MG_952	67	80	224.8
MG_954	67	74	189
MG_955	63	40	186
MG_956	65	94	194.25
MG_95	68	112.5	230.5
MG_957	68	67.5	253
MG_958	66	78	245.75
MG_960	69	93.33333333	213.2
MG_961	69	48	207.8
MG_962	63	60	223.8
MG_963	65	90	224.25
MG_965	64	83.33333333	248.4
MG_967	67	55	213.5
MG_970	65	27.5	233.8
MG_975	66	40	220.75
MG_980	66	64	171.4
MG_983	70	35	225.4
MG_984	69	86	205.4
MG_985	65	26.66666667	264
MG_986	65	52.5	253
MG_987	65	46.66666667	197.8
MG_989	69	58	187
MG_990	71	60	211.6
MG_991	65	83.33333333	197
MG_992	66	95	232.2
MG_995	65	30	236.25
MG_996	68	87.5	191.5
MG_997	67	70	200.4
MG_998	67	56.66666667	248
MG_1001	69	76	219.6
MG_1003	69	95	232
MG_1005	70	56.66666667	192.2
MG_1006	63	80	232.5
MG_1007	63	80	185.6
MG_1010	69	44	201.4
MG_1011	65	57.5	242
MG_1012	71	60	188
MG_1013	68	56	238.5
MG_1014	63	96.66666667	237.8
MG_1015	66	74	231.25
MG_1016	65	50	175
MG_1017	70	40	255.25
MG_1020	71	23.33333333	221.2
MG_1021	68	90	219.6
MG_1022	66	90	245.4
MG_1023	69	46	228.8
MG_1024	63	72	219.75
MG_1025	66	70	234
MG_102	67	133.3333333	231.4
MG_1027	64	56.66666667	223.5
MG_1028	66	97.5	238.2
MG_1029	70	90	203.25
MG_1030	64	74	227.4
MG_1033	63	60	207.4
MG_1035	67	92	226.6
MG_1037	70	78	240.75
MG_1038	69	93.33333333	216
MG_1039	73	66.66666667	232.8
MG_1042	66	42.5	235.4
MG_1043	65	53.33333333	259.4
MG_1044	67	93.33333333	241.8
MG_1047	71	56.66666667	248
MG_1048	68	70	228
MG_1049	68	98	221.2
MG_1051	71	95	233
MG_1052	68	60	210
MG_1054	65	50	220.2
MG_1055	71	33.33333333	197.8
MG_1057	70	52.5	243.6
MG_1060	65	53.33333333	236.2
MG_1062	68	72	230
MG_1063	72	63.33333333	220
MG_1065	63	83.33333333	192.2
MG_106	68	107.5	189.4
MG_1067	63	33.33333333	242.4
MG_1070	69	90	196.6
MG_1071	71	43.33333333	211
MG_1072	63	74	211.25
MG_1073	66	70	213.8
MG_1074	68	46	243.4
MG_1075	69	67.5	235.4
MG_1076	69	90	224.75
MG_1077	72	73.33333333	230.4
MG_1078	65	60	241.6
MG_1080	65	76	206.8
MG_1081	70	64	224.2
MG_1082	70	54	221.75
MG_1083	71	42	242
MG_1084	68	42	228.75
MG_1085	68	80	221
MG_1087	73	35	196.4
MG_1089	74	77.5	265
MG_1090	65	37.5	230.2
MG_1092	69	50	239.4
MG_1093	66	85	228.2
MG_1094	67	90	219.75
MG_1097	63	88	228
MG_1099	67	76	203.6
MG_1103	63	48	218.75
MG_1104	64	90	186
MG_1106	68	97.5	180.8
MG_1109	66	93.33333333	249.8
MG_1110	71	65	229.75
MG_1111	73	23.33333333	215.8
MG_1114	68	55	227.4
MG_1116	67	67.5	217.6
MG_1117	69	20	221
MG_1118	67	97.5	238
MG_1120	70	80	263
MG_1121	71	62	221
MG_1123	74	70	237
MG_1124	68	76.66666667	268
MG_1125	59	77.5	159.4
MG_112	66	106.6666667	230
MG_1127	68	30	255
MG_1128	67	72	234.6
MG_1129	69	36.66666667	151.4
MG_1132	68	56	231.25
MG_1133	70	20	215
MG_1137	68	70	222.75
MG_1138	71	76	227.6
MG_1140	67	70	228
MG_1141	72	66.66666667	212.4
MG_1142	70	97.5	238
MG_1144	68	84	225.2
MG_1145	67	92	236.8
MG_1147	68	60	224.2
MG_1148	68	76	269.6
MG_1149	67	74	241.8
MG_1152	69	60	246.4
MG_1153	65	56.66666667	248.6
MG_1154	72	53.33333333	208.6
MG_1155	68	83.33333333	254
MG_1156	69	26	225
MG_1159	67	66.66666667	214.2
MG_1163	69	33.33333333	220.8
MG_1164	66	32.5	208.5
MG_1165	71	64	205.8
MG_1171	65	77.5	198.2
MG_1173	68	70	221.8
MG_1174	68	45	259.25
MG_117	65	122	268
MG_1176	62	53.33333333	256.75
MG_1179	65	60	243.6
MG_1181	68	22	220
MG_1182	67	57.5	243
MG_1183	71	23.33333333	210.2
MG_1185	68	42.5	189.6
MG_118	68	100	225.5
MG_1190	68	40	224
MG_1191	63	42.5	214.2
MG_1192	68	63.33333333	247
MG_1195	66	90	217.5
MG_119	63	100	209
MG_1196	67	90	188.4
MG_1197	66	94	222
MG_1199	66	97.5	223.6
MG_1201	63	68	236
MG_1202	66	93.33333333	230
MG_1204	68	90	228.75
MG_1207	66	70	204.8
MG_1210	64	78	227.8
MG_1215	66	47.5	191.2
MG_1217	66	93.33333333	220.8
MG_1219	68	80	245
MG_1220	66	95	291.2
MG_1223	70	83.33333333	230.4
MG_1225	62	60	246.8
MG_122	65	100	261.25
MG_1226	65	83.33333333	193.5
MG_1229	65	66.66666667	236.2
MG_1230	65	82	224.4
MG_1241	66	42.5	257.6
MG_1243	63	76.66666667	243.2
MG_1244	62	70	200
MG_1247	66	62	243.25
MG_1248	64	92	226.5
MG_1249	62	70	208.4
MG_1251	75	64	207.4
MG_1255	69	90	211.6
MG_125	66	104	251
MG_1257	67	83.33333333	209.8
MG_1260	66	98	195.4
MG_1261	65	36	212.2
MG_1262	63	87.5	249
MG_1264	69	62	196
MG_126	69	132.5	222.4
MG_1268	67	46.66666667	236.8
MG_1270	64	90	232.2
MG_1271	65	50	195.5
MG_1272	63	90	224.5
MG_1273	71	82.5	220.8
MG_1277	68	56.66666667	246
MG_1279	68	36	248.5
MG_1281	71	80	237
MG_1283	70	80	237.6
MG_1284	66	80	223.2
MG_1285	67	54	220.8
MG_128	62	132.5	223
MG_1286	66	45	264.25
MG_1287	71	95	236
MG_1290	65	84	180.4
MG_1291	65	98	220.8
MG_1292	69	80	185
MG_1293	69	40	192
MG_1294	69	53.33333333	240
MG_1296	67	53.33333333	245.5
MG_1299	68	52.5	239
MG_1301	69	55	252.75
MG_1304	67	66	230.8
MG_1305	67	70	243.2
MG_130	59	130	222
MG_1308	66	55	186.3333333
MG_1309	63	84	250
MG_1310	68	98	195.75
MG_1313	67	54	238.2
MG_131	61	105	202.8
MG_1316	66	92.5	231.4
MG_1317	65	60	200
MG_1319	70	18	247.5
MG_1321	70	76	199.6
MG_1322	65	60	219
MG_1323	70	34	228.6
MG_1324	66	78	252.5
MG_1325	70	72.5	277.4
MG_1326	68	65	248.75
MG_1327	64	42	244.2
MG_1329	68	92.5	250.75
MG_1333	66	70	242.6
MG_133	62	102	245.8
MG_1336	72	46.66666667	230.2
MG_1337	65	52.5	214.2
MG_1341	67	30	258.2
MG_134	64	102.5	206.6
MG_135	66	134	256
MG_1394	72	36.66666667	242.75
MG_1395	67	10	211.4
MG_1398	68	85	152.8
MG_1399	69	83.33333333	213
MG_1400	71	95	206.4
MG_1404	69	90	194
MG_1408	69	92	219
MG_1409	63	86	212
MG_1412	65	86	237.8
MG_1415	67	75	264.25
MG_1416	67	50	218.4
MG_1418	66	36.66666667	218.75
MG_1419	70	23.33333333	228
MG_1420	73	30	172.5
MG_1421	72	30	235.5
MG_1426	67	34	248.2
MG_1427	70	87.5	242.5
MG_1429	63	96	211.2
MG_1430	68	53.33333333	230.8
MG_1431	62	66	170
MG_1432	66	50	222.25
MG_1442	71	22	220.75
MG_1445	65	76.66666667	182
MG_1448	70	73.33333333	246.6
MG_1449	69	90	250.6
MG_1452	71	97.5	239.8
MG_1453	71	43.33333333	228
MG_1454	68	37.5	192.4
MG_1456	69	12	197.5
MG_1459	63	72	188.5
MG_1460	62	87.5	229.5
MG_146	62	107.5	234.2
MG_1466	71	33.33333333	176.8
MG_1467	64	53.66666667	225.75
MG_1469	68	47.5	258
MG_1471	63	95	256.4
MG_1472	63	72	213.75
MG_1473	65	57.5	232
MG_1474	70	50	305
MG_1476	64	86	229.6
MG_1478	66	75	201.8
MG_1479	67	92	232.2
MG_1481	68	76.66666667	229.2
MG_1484	67	93.33333333	215.2
MG_1485	67	45	207.75
MG_1487	65	57.5	197.6
MG_1491	64	40	223.75
MG_1495	71	70	226
MG_1496	71	73.33333333	250
MG_1498	67	52.5	232.25
MG_1499	67	44	204
MG_1500	68	92.5	240
MG_1504	69	60	208.2
MG_1505	70	36.66666667	245.8
MG_1506	71	78	228.6
MG_1509	68	30	251.25
MG_152	64	117.5	230.8
MG_154	63	117.5	199.2
MG_156	63	130	240.2
MG_159	64	104	210.6
MG_161	65	118	248.4
MG_163	68	104	251
MG_164	66	120	230.2
MG_165	65	108	240
MG_170	68	130	220.25
MG_177	68	106	231.75
MG_181	68	106.6666667	210.8
MG_182	67	103.3333333	237.8
MG_184	66	123.3333333	225.6
MG_185	68	115	232.2
MG_187	65	106	232.8
MG_192	63	112	219.5
MG_194	68	100	258.6
MG_203	68	103.3333333	263.2
MG_204	66	126	224.75
MG_214	64	106.6666667	236.6
MG_216	66	116	177.6
MG_217	64	116.6666667	230
MG_220	67	118	244.2
MG_223	63	100	210.2
MG_226	67	120	178.6
MG_231	68	155	211.5
MG_239	63	137.5	244.25
MG_244	63	105	223.75
MG_245	68	150	215.6
MG_252	68	120	218.6
MG_257	68	104	241.2
MG_270	63	134	194.25
MG_274	63	113.3333333	269
MG_277	68	106	214
MG_288	69	103.3333333	238
MG_290	64	116	270.5
MG_293	68	120	203.6
MG_294	66	107.5	216.6
MG_295	63	124	220.6
MG_296	68	113.3333333	218.2
MG_298	67	130	194.2
MG_301	66	102.5	223.8
MG_303	66	110	240.2
MG_306	68	118	268.6
MG_308	67	103.3333333	226.5
MG_313	68	100	190.75
MG_315	66	113.3333333	235
MG_316	67	100	222.4
MG_319	67	100	240
MG_324	64	120	188.6
MG_326	64	110	231.25
MG_331	67	110	253.6
MG_340	67	120	228.25
MG_342	65	106.6666667	243
MG_348	66	106.6666667	228.5
MG_363	63	117.5	268.75
MG_371	66	106	226.8
MG_375	66	140	258.6
MG_383	64	140	201
MG_386	67	115	226.2
MG_392	62	114	264
MG_393	65	140	247.25
MG_399	67	130	215.4
MG_403	68	100	237.6
MG_409	68	106.6666667	214.25
MG_410	64	123.3333333	274.4
MG_412	67	122.5	252
MG_415	61	114	235.2
MG_418	67	102	244.8
MG_422	63	106	229.6
MG_423	65	110	238.8
MG_426	67	107.5	243.25
MG_427	68	100	254.25
MG_428	73	103.3333333	186.6
MG_432	64	106.6666667	185
MG_434	64	100	202.5
MG_441	67	133.3333333	197.2
MG_444	70	100	214.4
MG_448	63	107.5	189.5
MG_450	68	112.5	191
MG_455	70	106	228.75
MG_456	65	114	214.75
MG_458	66	106.6666667	224.8
MG_460	69	102.5	209.4
MG_461	63	100	248.4
MG_462	67	122	221
MG_464	68	116	233
MG_470	68	126.6666667	245
MG_471	63	100	186
MG_475	71	102	210
MG_480	65	110	234.4
MG_485	66	105	214.25
MG_487	67	102	183.5
MG_492	70	100	230.75
MG_497	65	116	236
MG_500	67	120	225.25
MG_503	66	116	221.75
MG_504	64	108	214.75
MG_505	68	106	223.2
MG_508	66	160	232.4
MG_522	66	106	214.8
MG_524	62	100	203
MG_527	65	146	221.6
MG_530	67	107.5	214
MG_531	64	110	232.5
MG_532	64	140	251.2
MG_534	69	136	230.75
MG_537	68	102.5	181.4
MG_538	66	140	214.5
MG_540	65	107.5	268.8
MG_541	68	108.75	223.25
MG_542	63	120	177.4
MG_543	65	140	249.4
MG_544	64	135	223
MG_545	67	116.6666667	249
MG_550	66	105	217.6
MG_551	68	118	221.6
MG_558	67	102.5	244.5
MG_559	65	102	255
MG_570	67	106.6666667	222.75
MG_573	68	102.5	257
MG_574	67	126	259
MG_576	66	106	257.2
MG_590	69	112	188.75
MG_591	69	112.5	214.4
MG_592	69	146.6666667	232.4
MG_599	65	122.5	204.4
MG_603	68	100	216.6
MG_611	68	128	232.25
MG_615	65	126	216
MG_621	67	102.5	194
MG_630	69	106.6666667	201
MG_634	65	126.6666667	229
MG_647	64	104	237.6
MG_648	70	127.5	208.5
MG_657	68	146.6666667	221.6
MG_659	68	103.3333333	171
MG_666	66	112	205.8
MG_667	65	123.3333333	230.75
MG_670	70	102	183.8
MG_671	68	102.5	254.2
MG_673	65	138	243.5
MG_675	65	104	255.25
MG_678	63	108	248.25
MG_683	70	116.6666667	238
MG_684	69	100	170.8
MG_685	63	106.6666667	236
MG_687	65	132	223
MG_688	66	152.5	284
MG_690	69	122	240.25
MG_691	65	105	232.8
MG_694	65	210	239.6
MG_696	68	135	275.8
MG_699	68	102.5	182
MG_703	68	100	232.4
MG_705	64	143.3333333	226.6
MG_706	67	113.3333333	246
MG_709	67	100	275
MG_710	66	100	234
MG_725	64	100	245.4
MG_730	68	106.6666667	264.2
MG_732	68	118	249.2
MG_737	66	116.6666667	228.25
MG_738	67	126.6666667	225.6
MG_739	63	190	235.75
MG_742	62	107.5	201.25
MG_750	65	126	208.4
MG_752	64	128	189
MG_754	68	103.3333333	200.5
MG_755	67	100	245.2
MG_761	68	105	218.6
MG_762	68	106	259.2
MG_772	69	102.5	253
MG_773	64	104	235
MG_778	63	100	272.5
MG_781	72	110	278.75
MG_790	66	102	233.6
MG_793	69	123.3333333	227.4
MG_795	61	132	239.5
MG_800	67	100	222.25
MG_804	65	106.6666667	241
MG_806	70	110	185.5
MG_810	64	110	235.25
MG_815	71	106.6666667	181
MG_816	66	100	221.25
MG_834	69	115	242.2
MG_836	65	100	199.6
MG_852	64	130	268.8
MG_853	70	143.3333333	224.5
MG_860	65	107.5	212
MG_863	61	114	201.5
MG_864	65	130	241.75
MG_872	65	106.6666667	216.5
MG_878	66	107.5	233.75
MG_882	70	107.5	248
MG_887	65	135	229.2
MG_888	68	145	258
MG_891	68	168	263.6
MG_895	66	100	251.25
MG_896	66	123.3333333	187
MG_903	68	112.5	236
MG_904	63	117.5	217
MG_906	65	104	243
MG_908	64	100	234.8
MG_910	70	118	201.25
MG_916	67	106	197.6
MG_918	67	108	247.75
MG_919	68	108	192
MG_920	64	106.6666667	225
MG_922	63	120	234
MG_928	64	127.5	213
MG_929	61	112.5	207
MG_930	64	106.6666667	199.5
MG_934	63	110	234.6
MG_939	68	100	217
MG_943	65	100	248
MG_964	66	120	239.5
MG_976	69	110	235
MG_977	68	108	254
MG_978	68	120	237.25
MG_982	67	122	215.5
MG_988	68	115	243.4
MG_994	68	103.3333333	250.8
MG_1000	62	178	260.2
MG_1004	65	108	186.4
MG_1031	69	120	224.4
MG_1032	68	102.5	240.6
MG_1034	66	106.6666667	231.8
MG_1040	62	116.6666667	221.4
MG_1041	68	128	236.5
MG_1046	64	126.6666667	247.25
MG_1050	70	133.3333333	242.75
MG_1053	68	118	222
MG_1056	67	146.6666667	243.5
MG_1058	66	123.3333333	236
MG_1059	63	105	229.25
MG_1061	65	126	236.8
MG_1079	71	110	203.5
MG_1086	63	116	238
MG_1088	68	104	217.2
MG_1091	67	122.5	270.8
MG_1095	69	133.3333333	196.6
MG_1096	71	113.3333333	277.4
MG_1100	68	127.5	204.2
MG_1105	71	116.6666667	232.5
MG_1107	67	110	199.25
MG_1113	76	100	228.4
MG_1119	63	100	211.4
MG_1126	68	116.6666667	256.5
MG_1130	68	100	216.6
MG_1131	72	112	241.25
MG_1136	69	105	248.5
MG_1139	71	128	252
MG_1146	68	120	230
MG_1166	67	107.5	177.75
MG_1169	67	118	238
MG_1177	64	117.5	232.25
MG_1180	65	103.3333333	235.75
MG_1188	65	100	218.5
MG_1189	65	127.5	210.4
MG_1193	68	113.3333333	255.5
MG_1194	68	113.3333333	225
MG_1198	66	106.6666667	256
MG_1205	69	106	204
MG_1206	65	147.5	238.8
MG_1208	71	103.3333333	240
MG_1212	67	136.6666667	199.2
MG_1216	64	102.5	213.8
MG_1218	66	113.3333333	227
MG_1222	67	124	282.6
MG_1227	70	112.5	243
MG_1228	64	100	243
MG_1231	65	110	250.4
MG_1232	62	140	211.6
MG_1234	70	104	241.5
MG_1235	63	115	214.2
MG_1236	69	110	196
MG_1237	69	113.3333333	221
MG_1239	65	110	209
MG_1250	67	112	238.4
MG_1253	64	116.6666667	211
MG_1256	66	100	220
MG_1258	71	136.6666667	221
MG_1259	67	130	238.4
MG_1263	66	106.6666667	203.2
MG_1265	66	102.5	211.8
MG_1266	66	104	217.6
MG_1274	68	112.5	261.6
MG_1275	68	108	251
MG_1276	68	106.6666667	193
MG_1278	68	113.3333333	253.2
MG_1280	63	103.3333333	245
MG_1289	64	112	245.4
MG_1295	63	100	220.6
MG_1297	66	130	259
MG_1298	68	106.6666667	242.6
MG_1300	68	170	242.25
MG_1302	67	104	214.8
MG_1303	63	133.3333333	229.75
MG_1306	66	144	236.5
MG_1312	65	100	221.6
MG_1315	66	128	220.8
MG_1320	65	116	273
MG_1331	68	120	176.2
MG_1332	65	107.5	253.2
MG_1334	65	106.6666667	217.6
MG_1339	66	106	232.25
MG_1340	66	106.6666667	228
MG_1343	65	100	284.75
MG_1344	70	106.6666667	264.6
MG_1345	64	135	245
MG_1396	67	105	230.2
MG_1397	68	124	224.25
MG_1406	67	100	239
MG_1407	67	102	238.6
MG_1411	66	102	204.2
MG_1413	65	146	211.25
MG_1414	68	126.6666667	269.25
MG_1422	68	112.5	213.25
MG_1424	64	145	210.4
MG_1434	64	106.6666667	236
MG_1437	68	126	222
MG_1439	70	106	216
MG_1440	67	120	224.8
MG_1443	71	112.5	202.8
MG_1444	63	104	194.5
MG_1451	69	110	206.4
MG_1455	70	120	219
MG_1458	67	133.3333333	245
MG_1463	63	100	228
MG_1468	67	140	213
MG_1475	71	128	259.25
MG_1480	63	110	228.5
MG_1490	63	116	227.5
MG_1493	66	122.5	236
MG_1502	69	100	221.8
